(kicad_pcb (version 20171130) (host pcbnew "(5.0.2)-1")

  (general
    (thickness 1.6)
    (drawings 0)
    (tracks 144)
    (zones 0)
    (modules 18)
    (nets 14)
  )

  (page A4)
  (layers
    (0 F.Cu signal)
    (31 B.Cu signal)
    (32 B.Adhes user)
    (33 F.Adhes user)
    (34 B.Paste user)
    (35 F.Paste user)
    (36 B.SilkS user)
    (37 F.SilkS user)
    (38 B.Mask user)
    (39 F.Mask user)
    (40 Dwgs.User user)
    (41 Cmts.User user)
    (42 Eco1.User user)
    (43 Eco2.User user)
    (44 Edge.Cuts user)
    (45 Margin user)
    (46 B.CrtYd user)
    (47 F.CrtYd user)
    (48 B.Fab user)
    (49 F.Fab user)
  )

  (setup
    (last_trace_width 0.25)
    (user_trace_width 0.8)
    (trace_clearance 0.2)
    (zone_clearance 0.6)
    (zone_45_only yes)
    (trace_min 0.2)
    (segment_width 0.2)
    (edge_width 0.15)
    (via_size 0.8)
    (via_drill 0.4)
    (via_min_size 0.4)
    (via_min_drill 0.3)
    (uvia_size 0.3)
    (uvia_drill 0.1)
    (uvias_allowed no)
    (uvia_min_size 0.2)
    (uvia_min_drill 0.1)
    (pcb_text_width 0.3)
    (pcb_text_size 1.5 1.5)
    (mod_edge_width 0.15)
    (mod_text_size 0.000001 0.000001)
    (mod_text_width 0.15)
    (pad_size 1.4 1.4)
    (pad_drill 0.6)
    (pad_to_mask_clearance 0.051)
    (solder_mask_min_width 0.25)
    (aux_axis_origin 0 0)
    (grid_origin 41 52.025)
    (visible_elements 7FFFFFFF)
    (pcbplotparams
      (layerselection 0x010fc_ffffffff)
      (usegerberextensions false)
      (usegerberattributes false)
      (usegerberadvancedattributes false)
      (creategerberjobfile false)
      (excludeedgelayer true)
      (linewidth 0.100000)
      (plotframeref false)
      (viasonmask false)
      (mode 1)
      (useauxorigin false)
      (hpglpennumber 1)
      (hpglpenspeed 20)
      (hpglpendiameter 15.000000)
      (psnegative false)
      (psa4output false)
      (plotreference true)
      (plotvalue true)
      (plotinvisibletext false)
      (padsonsilk false)
      (subtractmaskfromsilk false)
      (outputformat 1)
      (mirror false)
      (drillshape 1)
      (scaleselection 1)
      (outputdirectory ""))
  )

  (net 0 "")
  (net 1 "Net-(D1-Pad2)")
  (net 2 GND)
  (net 3 "Net-(D2-Pad2)")
  (net 4 /LED1)
  (net 5 /LED2)
  (net 6 /LED3)
  (net 7 /LED4)
  (net 8 /VCC)
  (net 9 "Net-(J1-Pad13)")
  (net 10 /IR1)
  (net 11 /IR3)
  (net 12 /IR2)
  (net 13 /IR4)

  (net_class Default "This is the default net class."
    (clearance 0.2)
    (trace_width 0.25)
    (via_dia 0.8)
    (via_drill 0.4)
    (uvia_dia 0.3)
    (uvia_drill 0.1)
    (add_net /IR1)
    (add_net /IR2)
    (add_net /IR3)
    (add_net /IR4)
    (add_net /LED1)
    (add_net /LED2)
    (add_net /LED3)
    (add_net /LED4)
    (add_net /VCC)
    (add_net GND)
    (add_net "Net-(D1-Pad2)")
    (add_net "Net-(D2-Pad2)")
    (add_net "Net-(J1-Pad13)")
  )

  (module Connectors_JST:JST_XH_B06B-XH-A_06x2.50mm_Straight (layer F.Cu) (tedit 58EAE7F0) (tstamp 5D24B826)
    (at 88.275 80.7)
    (descr "JST XH series connector, B06B-XH-A, top entry type, through hole")
    (tags "connector jst xh tht top vertical 2.50mm")
    (path /5D1C1ACF)
    (fp_text reference J2 (at 6.25 -3.5) (layer F.SilkS)
      (effects (font (size 1 1) (thickness 0.15)))
    )
    (fp_text value Conn_01x06 (at 6.25 4.5) (layer F.Fab)
      (effects (font (size 1 1) (thickness 0.15)))
    )
    (fp_line (start -2.45 -2.35) (end -2.45 3.4) (layer F.Fab) (width 0.1))
    (fp_line (start -2.45 3.4) (end 14.95 3.4) (layer F.Fab) (width 0.1))
    (fp_line (start 14.95 3.4) (end 14.95 -2.35) (layer F.Fab) (width 0.1))
    (fp_line (start 14.95 -2.35) (end -2.45 -2.35) (layer F.Fab) (width 0.1))
    (fp_line (start -2.95 -2.85) (end -2.95 3.9) (layer F.CrtYd) (width 0.05))
    (fp_line (start -2.95 3.9) (end 15.45 3.9) (layer F.CrtYd) (width 0.05))
    (fp_line (start 15.45 3.9) (end 15.45 -2.85) (layer F.CrtYd) (width 0.05))
    (fp_line (start 15.45 -2.85) (end -2.95 -2.85) (layer F.CrtYd) (width 0.05))
    (fp_line (start -2.55 -2.45) (end -2.55 3.5) (layer F.SilkS) (width 0.12))
    (fp_line (start -2.55 3.5) (end 15.05 3.5) (layer F.SilkS) (width 0.12))
    (fp_line (start 15.05 3.5) (end 15.05 -2.45) (layer F.SilkS) (width 0.12))
    (fp_line (start 15.05 -2.45) (end -2.55 -2.45) (layer F.SilkS) (width 0.12))
    (fp_line (start 0.75 -2.45) (end 0.75 -1.7) (layer F.SilkS) (width 0.12))
    (fp_line (start 0.75 -1.7) (end 11.75 -1.7) (layer F.SilkS) (width 0.12))
    (fp_line (start 11.75 -1.7) (end 11.75 -2.45) (layer F.SilkS) (width 0.12))
    (fp_line (start 11.75 -2.45) (end 0.75 -2.45) (layer F.SilkS) (width 0.12))
    (fp_line (start -2.55 -2.45) (end -2.55 -1.7) (layer F.SilkS) (width 0.12))
    (fp_line (start -2.55 -1.7) (end -0.75 -1.7) (layer F.SilkS) (width 0.12))
    (fp_line (start -0.75 -1.7) (end -0.75 -2.45) (layer F.SilkS) (width 0.12))
    (fp_line (start -0.75 -2.45) (end -2.55 -2.45) (layer F.SilkS) (width 0.12))
    (fp_line (start 13.25 -2.45) (end 13.25 -1.7) (layer F.SilkS) (width 0.12))
    (fp_line (start 13.25 -1.7) (end 15.05 -1.7) (layer F.SilkS) (width 0.12))
    (fp_line (start 15.05 -1.7) (end 15.05 -2.45) (layer F.SilkS) (width 0.12))
    (fp_line (start 15.05 -2.45) (end 13.25 -2.45) (layer F.SilkS) (width 0.12))
    (fp_line (start -2.55 -0.2) (end -1.8 -0.2) (layer F.SilkS) (width 0.12))
    (fp_line (start -1.8 -0.2) (end -1.8 2.75) (layer F.SilkS) (width 0.12))
    (fp_line (start -1.8 2.75) (end 6.25 2.75) (layer F.SilkS) (width 0.12))
    (fp_line (start 15.05 -0.2) (end 14.3 -0.2) (layer F.SilkS) (width 0.12))
    (fp_line (start 14.3 -0.2) (end 14.3 2.75) (layer F.SilkS) (width 0.12))
    (fp_line (start 14.3 2.75) (end 6.25 2.75) (layer F.SilkS) (width 0.12))
    (fp_line (start -0.35 -2.75) (end -2.85 -2.75) (layer F.SilkS) (width 0.12))
    (fp_line (start -2.85 -2.75) (end -2.85 -0.25) (layer F.SilkS) (width 0.12))
    (fp_line (start -0.35 -2.75) (end -2.85 -2.75) (layer F.Fab) (width 0.1))
    (fp_line (start -2.85 -2.75) (end -2.85 -0.25) (layer F.Fab) (width 0.1))
    (fp_text user %R (at 6.25 2.5) (layer F.Fab)
      (effects (font (size 1 1) (thickness 0.15)))
    )
    (pad 1 thru_hole rect (at 0 0) (size 1.75 1.75) (drill 1) (layers *.Cu *.Mask)
      (net 12 /IR2))
    (pad 2 thru_hole circle (at 2.5 0) (size 1.75 1.75) (drill 1) (layers *.Cu *.Mask)
      (net 10 /IR1))
    (pad 3 thru_hole circle (at 5 0) (size 1.75 1.75) (drill 1) (layers *.Cu *.Mask)
      (net 13 /IR4))
    (pad 4 thru_hole circle (at 7.5 0) (size 1.75 1.75) (drill 1) (layers *.Cu *.Mask)
      (net 11 /IR3))
    (pad 5 thru_hole circle (at 10 0) (size 1.75 1.75) (drill 1) (layers *.Cu *.Mask)
      (net 8 /VCC))
    (pad 6 thru_hole circle (at 12.5 0) (size 1.75 1.75) (drill 1) (layers *.Cu *.Mask)
      (net 2 GND))
    (model Connectors_JST.3dshapes/JST_XH_B06B-XH-A_06x2.50mm_Straight.wrl
      (at (xyz 0 0 0))
      (scale (xyz 1 1 1))
      (rotate (xyz 0 0 0))
    )
  )

  (module Housings_DIP:DIP-14_W7.62mm (layer F.Cu) (tedit 58CC8E2C) (tstamp 5D24B7F9)
    (at 89.925 57.425)
    (descr "14-lead dip package, row spacing 7.62 mm (300 mils)")
    (tags "DIL DIP PDIP 2.54mm 7.62mm 300mil")
    (path /5D1BFB3D)
    (fp_text reference J1 (at 3.81 -2.39) (layer F.SilkS)
      (effects (font (size 1 1) (thickness 0.15)))
    )
    (fp_text value Conn_02x07_Counter_Clockwise (at 3.81 17.63) (layer F.Fab)
      (effects (font (size 1 1) (thickness 0.15)))
    )
    (fp_text user %R (at 3.81 7.62) (layer F.Fab)
      (effects (font (size 1 1) (thickness 0.15)))
    )
    (fp_line (start 1.635 -1.27) (end 6.985 -1.27) (layer F.Fab) (width 0.1))
    (fp_line (start 6.985 -1.27) (end 6.985 16.51) (layer F.Fab) (width 0.1))
    (fp_line (start 6.985 16.51) (end 0.635 16.51) (layer F.Fab) (width 0.1))
    (fp_line (start 0.635 16.51) (end 0.635 -0.27) (layer F.Fab) (width 0.1))
    (fp_line (start 0.635 -0.27) (end 1.635 -1.27) (layer F.Fab) (width 0.1))
    (fp_line (start 2.81 -1.39) (end 1.04 -1.39) (layer F.SilkS) (width 0.12))
    (fp_line (start 1.04 -1.39) (end 1.04 16.63) (layer F.SilkS) (width 0.12))
    (fp_line (start 1.04 16.63) (end 6.58 16.63) (layer F.SilkS) (width 0.12))
    (fp_line (start 6.58 16.63) (end 6.58 -1.39) (layer F.SilkS) (width 0.12))
    (fp_line (start 6.58 -1.39) (end 4.81 -1.39) (layer F.SilkS) (width 0.12))
    (fp_line (start -1.1 -1.6) (end -1.1 16.8) (layer F.CrtYd) (width 0.05))
    (fp_line (start -1.1 16.8) (end 8.7 16.8) (layer F.CrtYd) (width 0.05))
    (fp_line (start 8.7 16.8) (end 8.7 -1.6) (layer F.CrtYd) (width 0.05))
    (fp_line (start 8.7 -1.6) (end -1.1 -1.6) (layer F.CrtYd) (width 0.05))
    (fp_arc (start 3.81 -1.39) (end 2.81 -1.39) (angle -180) (layer F.SilkS) (width 0.12))
    (pad 1 thru_hole rect (at 0 0) (size 1.6 1.6) (drill 0.8) (layers *.Cu *.Mask)
      (net 10 /IR1))
    (pad 8 thru_hole oval (at 7.62 15.24) (size 1.6 1.6) (drill 0.8) (layers *.Cu *.Mask)
      (net 11 /IR3))
    (pad 2 thru_hole oval (at 0 2.54) (size 1.6 1.6) (drill 0.8) (layers *.Cu *.Mask)
      (net 9 "Net-(J1-Pad13)"))
    (pad 9 thru_hole oval (at 7.62 12.7) (size 1.6 1.6) (drill 0.8) (layers *.Cu *.Mask)
      (net 9 "Net-(J1-Pad13)"))
    (pad 3 thru_hole oval (at 0 5.08) (size 1.6 1.6) (drill 0.8) (layers *.Cu *.Mask)
      (net 4 /LED1))
    (pad 10 thru_hole oval (at 7.62 10.16) (size 1.6 1.6) (drill 0.8) (layers *.Cu *.Mask)
      (net 6 /LED3))
    (pad 4 thru_hole oval (at 0 7.62) (size 1.6 1.6) (drill 0.8) (layers *.Cu *.Mask)
      (net 8 /VCC))
    (pad 11 thru_hole oval (at 7.62 7.62) (size 1.6 1.6) (drill 0.8) (layers *.Cu *.Mask)
      (net 2 GND))
    (pad 5 thru_hole oval (at 0 10.16) (size 1.6 1.6) (drill 0.8) (layers *.Cu *.Mask)
      (net 5 /LED2))
    (pad 12 thru_hole oval (at 7.62 5.08) (size 1.6 1.6) (drill 0.8) (layers *.Cu *.Mask)
      (net 7 /LED4))
    (pad 6 thru_hole oval (at 0 12.7) (size 1.6 1.6) (drill 0.8) (layers *.Cu *.Mask)
      (net 9 "Net-(J1-Pad13)"))
    (pad 13 thru_hole oval (at 7.62 2.54) (size 1.6 1.6) (drill 0.8) (layers *.Cu *.Mask)
      (net 9 "Net-(J1-Pad13)"))
    (pad 7 thru_hole oval (at 0 15.24) (size 1.6 1.6) (drill 0.8) (layers *.Cu *.Mask)
      (net 12 /IR2))
    (pad 14 thru_hole oval (at 7.62 0) (size 1.6 1.6) (drill 0.8) (layers *.Cu *.Mask)
      (net 13 /IR4))
    (model ${KISYS3DMOD}/Housings_DIP.3dshapes/DIP-14_W7.62mm.wrl
      (at (xyz 0 0 0))
      (scale (xyz 1 1 1))
      (rotate (xyz 0 0 0))
    )
  )

  (module modFiles:LED_D3.0mm (layer F.Cu) (tedit 5D1BFDD1) (tstamp 5D1BFDE5)
    (at 89.55 51.775 270)
    (descr "LED, diameter 3.0mm, 2 pins")
    (tags "LED diameter 3.0mm 2 pins")
    (path /5D2399C0)
    (fp_text reference D1 (at 1.27 -2.96 270) (layer F.SilkS)
      (effects (font (size 1 1) (thickness 0.15)))
    )
    (fp_text value LED_GREEN (at 1.125 2.85 270) (layer F.Fab)
      (effects (font (size 1 1) (thickness 0.15)))
    )
    (fp_line (start 3.7 -2.25) (end -1.15 -2.25) (layer F.CrtYd) (width 0.05))
    (fp_line (start 3.7 2.25) (end 3.7 -2.25) (layer F.CrtYd) (width 0.05))
    (fp_line (start -1.15 2.25) (end 3.7 2.25) (layer F.CrtYd) (width 0.05))
    (fp_line (start -1.15 -2.25) (end -1.15 2.25) (layer F.CrtYd) (width 0.05))
    (fp_line (start -0.29 1.08) (end -0.29 1.236) (layer F.SilkS) (width 0.12))
    (fp_line (start -0.29 -1.236) (end -0.29 -1.08) (layer F.SilkS) (width 0.12))
    (fp_line (start -0.23 -1.16619) (end -0.23 1.16619) (layer F.Fab) (width 0.1))
    (fp_circle (center 1.27 0) (end 2.77 0) (layer F.Fab) (width 0.1))
    (fp_arc (start 1.27 0) (end 0.229039 1.08) (angle -87.9) (layer F.SilkS) (width 0.12))
    (fp_arc (start 1.27 0) (end 0.229039 -1.08) (angle 87.9) (layer F.SilkS) (width 0.12))
    (fp_arc (start 1.27 0) (end -0.29 1.235516) (angle -108.8) (layer F.SilkS) (width 0.12))
    (fp_arc (start 1.27 0) (end -0.29 -1.235516) (angle 108.8) (layer F.SilkS) (width 0.12))
    (fp_arc (start 1.27 0) (end -0.23 -1.16619) (angle 284.3) (layer F.Fab) (width 0.1))
    (pad 2 thru_hole circle (at 2.54 0 270) (size 2.1 2.1) (drill 0.8) (layers *.Cu *.Mask)
      (net 1 "Net-(D1-Pad2)"))
    (pad 1 thru_hole circle (at 0 0 270) (size 2.1 2.1) (drill 0.8) (layers *.Cu *.Mask)
      (net 2 GND))
    (model _3D/Used/led_3mm_red.wrl
      (offset (xyz 1.269999980926514 0 0))
      (scale (xyz 1 1 1))
      (rotate (xyz 0 0 90))
    )
  )

  (module modFiles:LED_D3.0mm (layer F.Cu) (tedit 5ADE11EB) (tstamp 5D1BFDF8)
    (at 107.05 42.95 90)
    (descr "LED, diameter 3.0mm, 2 pins")
    (tags "LED diameter 3.0mm 2 pins")
    (path /5D1DA5BA)
    (fp_text reference D2 (at 1.27 -2.96 90) (layer F.SilkS)
      (effects (font (size 1 1) (thickness 0.15)))
    )
    (fp_text value LED (at 1.27 2.96 90) (layer F.Fab)
      (effects (font (size 1 1) (thickness 0.15)))
    )
    (fp_arc (start 1.27 0) (end -0.23 -1.16619) (angle 284.3) (layer F.Fab) (width 0.1))
    (fp_arc (start 1.27 0) (end -0.29 -1.235516) (angle 108.8) (layer F.SilkS) (width 0.12))
    (fp_arc (start 1.27 0) (end -0.29 1.235516) (angle -108.8) (layer F.SilkS) (width 0.12))
    (fp_arc (start 1.27 0) (end 0.229039 -1.08) (angle 87.9) (layer F.SilkS) (width 0.12))
    (fp_arc (start 1.27 0) (end 0.229039 1.08) (angle -87.9) (layer F.SilkS) (width 0.12))
    (fp_circle (center 1.27 0) (end 2.77 0) (layer F.Fab) (width 0.1))
    (fp_line (start -0.23 -1.16619) (end -0.23 1.16619) (layer F.Fab) (width 0.1))
    (fp_line (start -0.29 -1.236) (end -0.29 -1.08) (layer F.SilkS) (width 0.12))
    (fp_line (start -0.29 1.08) (end -0.29 1.236) (layer F.SilkS) (width 0.12))
    (fp_line (start -1.15 -2.25) (end -1.15 2.25) (layer F.CrtYd) (width 0.05))
    (fp_line (start -1.15 2.25) (end 3.7 2.25) (layer F.CrtYd) (width 0.05))
    (fp_line (start 3.7 2.25) (end 3.7 -2.25) (layer F.CrtYd) (width 0.05))
    (fp_line (start 3.7 -2.25) (end -1.15 -2.25) (layer F.CrtYd) (width 0.05))
    (pad 1 thru_hole circle (at 0 0 90) (size 2.1 2.1) (drill 0.8) (layers *.Cu *.Mask)
      (net 2 GND))
    (pad 2 thru_hole circle (at 2.54 0 90) (size 2.1 2.1) (drill 0.8) (layers *.Cu *.Mask)
      (net 3 "Net-(D2-Pad2)"))
    (model _3D/Used/led_3mm_red.wrl
      (offset (xyz 1.269999980926514 0 0))
      (scale (xyz 1 1 1))
      (rotate (xyz 0 0 90))
    )
  )

  (module modFiles:LED_D3.0mm (layer F.Cu) (tedit 5ADE11EB) (tstamp 5D1BFE0B)
    (at 107.025 57.25 90)
    (descr "LED, diameter 3.0mm, 2 pins")
    (tags "LED diameter 3.0mm 2 pins")
    (path /5D1DB018)
    (fp_text reference D3 (at 1.27 -2.96 90) (layer F.SilkS)
      (effects (font (size 1 1) (thickness 0.15)))
    )
    (fp_text value LED (at 1.27 2.96 90) (layer F.Fab)
      (effects (font (size 1 1) (thickness 0.15)))
    )
    (fp_line (start 3.7 -2.25) (end -1.15 -2.25) (layer F.CrtYd) (width 0.05))
    (fp_line (start 3.7 2.25) (end 3.7 -2.25) (layer F.CrtYd) (width 0.05))
    (fp_line (start -1.15 2.25) (end 3.7 2.25) (layer F.CrtYd) (width 0.05))
    (fp_line (start -1.15 -2.25) (end -1.15 2.25) (layer F.CrtYd) (width 0.05))
    (fp_line (start -0.29 1.08) (end -0.29 1.236) (layer F.SilkS) (width 0.12))
    (fp_line (start -0.29 -1.236) (end -0.29 -1.08) (layer F.SilkS) (width 0.12))
    (fp_line (start -0.23 -1.16619) (end -0.23 1.16619) (layer F.Fab) (width 0.1))
    (fp_circle (center 1.27 0) (end 2.77 0) (layer F.Fab) (width 0.1))
    (fp_arc (start 1.27 0) (end 0.229039 1.08) (angle -87.9) (layer F.SilkS) (width 0.12))
    (fp_arc (start 1.27 0) (end 0.229039 -1.08) (angle 87.9) (layer F.SilkS) (width 0.12))
    (fp_arc (start 1.27 0) (end -0.29 1.235516) (angle -108.8) (layer F.SilkS) (width 0.12))
    (fp_arc (start 1.27 0) (end -0.29 -1.235516) (angle 108.8) (layer F.SilkS) (width 0.12))
    (fp_arc (start 1.27 0) (end -0.23 -1.16619) (angle 284.3) (layer F.Fab) (width 0.1))
    (pad 2 thru_hole circle (at 2.54 0 90) (size 2.1 2.1) (drill 0.8) (layers *.Cu *.Mask)
      (net 3 "Net-(D2-Pad2)"))
    (pad 1 thru_hole circle (at 0 0 90) (size 2.1 2.1) (drill 0.8) (layers *.Cu *.Mask)
      (net 2 GND))
    (model _3D/Used/led_3mm_red.wrl
      (offset (xyz 1.269999980926514 0 0))
      (scale (xyz 1 1 1))
      (rotate (xyz 0 0 90))
    )
  )

  (module modFiles:LED_D3.0mm (layer F.Cu) (tedit 5ADE11EB) (tstamp 5D1BFE1E)
    (at 107.025 69.55 270)
    (descr "LED, diameter 3.0mm, 2 pins")
    (tags "LED diameter 3.0mm 2 pins")
    (path /5D1E02C2)
    (fp_text reference D4 (at 1.27 -2.96 270) (layer F.SilkS)
      (effects (font (size 1 1) (thickness 0.15)))
    )
    (fp_text value LED (at 1.27 2.96 270) (layer F.Fab)
      (effects (font (size 1 1) (thickness 0.15)))
    )
    (fp_arc (start 1.27 0) (end -0.23 -1.16619) (angle 284.3) (layer F.Fab) (width 0.1))
    (fp_arc (start 1.27 0) (end -0.29 -1.235516) (angle 108.8) (layer F.SilkS) (width 0.12))
    (fp_arc (start 1.27 0) (end -0.29 1.235516) (angle -108.8) (layer F.SilkS) (width 0.12))
    (fp_arc (start 1.27 0) (end 0.229039 -1.08) (angle 87.9) (layer F.SilkS) (width 0.12))
    (fp_arc (start 1.27 0) (end 0.229039 1.08) (angle -87.9) (layer F.SilkS) (width 0.12))
    (fp_circle (center 1.27 0) (end 2.77 0) (layer F.Fab) (width 0.1))
    (fp_line (start -0.23 -1.16619) (end -0.23 1.16619) (layer F.Fab) (width 0.1))
    (fp_line (start -0.29 -1.236) (end -0.29 -1.08) (layer F.SilkS) (width 0.12))
    (fp_line (start -0.29 1.08) (end -0.29 1.236) (layer F.SilkS) (width 0.12))
    (fp_line (start -1.15 -2.25) (end -1.15 2.25) (layer F.CrtYd) (width 0.05))
    (fp_line (start -1.15 2.25) (end 3.7 2.25) (layer F.CrtYd) (width 0.05))
    (fp_line (start 3.7 2.25) (end 3.7 -2.25) (layer F.CrtYd) (width 0.05))
    (fp_line (start 3.7 -2.25) (end -1.15 -2.25) (layer F.CrtYd) (width 0.05))
    (pad 1 thru_hole circle (at 0 0 270) (size 2.1 2.1) (drill 0.8) (layers *.Cu *.Mask)
      (net 2 GND))
    (pad 2 thru_hole circle (at 2.54 0 270) (size 2.1 2.1) (drill 0.8) (layers *.Cu *.Mask)
      (net 3 "Net-(D2-Pad2)"))
    (model _3D/Used/led_3mm_red.wrl
      (offset (xyz 1.269999980926514 0 0))
      (scale (xyz 1 1 1))
      (rotate (xyz 0 0 90))
    )
  )

  (module modFiles:LED_D3.0mm (layer F.Cu) (tedit 5ADE11EB) (tstamp 5D1BFE31)
    (at 107.225 86.4 90)
    (descr "LED, diameter 3.0mm, 2 pins")
    (tags "LED diameter 3.0mm 2 pins")
    (path /5D1E02CC)
    (fp_text reference D5 (at 1.27 -2.96 90) (layer F.SilkS)
      (effects (font (size 1 1) (thickness 0.15)))
    )
    (fp_text value LED (at 1.27 2.96 90) (layer F.Fab)
      (effects (font (size 1 1) (thickness 0.15)))
    )
    (fp_line (start 3.7 -2.25) (end -1.15 -2.25) (layer F.CrtYd) (width 0.05))
    (fp_line (start 3.7 2.25) (end 3.7 -2.25) (layer F.CrtYd) (width 0.05))
    (fp_line (start -1.15 2.25) (end 3.7 2.25) (layer F.CrtYd) (width 0.05))
    (fp_line (start -1.15 -2.25) (end -1.15 2.25) (layer F.CrtYd) (width 0.05))
    (fp_line (start -0.29 1.08) (end -0.29 1.236) (layer F.SilkS) (width 0.12))
    (fp_line (start -0.29 -1.236) (end -0.29 -1.08) (layer F.SilkS) (width 0.12))
    (fp_line (start -0.23 -1.16619) (end -0.23 1.16619) (layer F.Fab) (width 0.1))
    (fp_circle (center 1.27 0) (end 2.77 0) (layer F.Fab) (width 0.1))
    (fp_arc (start 1.27 0) (end 0.229039 1.08) (angle -87.9) (layer F.SilkS) (width 0.12))
    (fp_arc (start 1.27 0) (end 0.229039 -1.08) (angle 87.9) (layer F.SilkS) (width 0.12))
    (fp_arc (start 1.27 0) (end -0.29 1.235516) (angle -108.8) (layer F.SilkS) (width 0.12))
    (fp_arc (start 1.27 0) (end -0.29 -1.235516) (angle 108.8) (layer F.SilkS) (width 0.12))
    (fp_arc (start 1.27 0) (end -0.23 -1.16619) (angle 284.3) (layer F.Fab) (width 0.1))
    (pad 2 thru_hole circle (at 2.54 0 90) (size 2.1 2.1) (drill 0.8) (layers *.Cu *.Mask)
      (net 3 "Net-(D2-Pad2)"))
    (pad 1 thru_hole circle (at 0 0 90) (size 2.1 2.1) (drill 0.8) (layers *.Cu *.Mask)
      (net 2 GND))
    (model _3D/Used/led_3mm_red.wrl
      (offset (xyz 1.269999980926514 0 0))
      (scale (xyz 1 1 1))
      (rotate (xyz 0 0 90))
    )
  )

  (module modFiles:LED_D3.0mm (layer F.Cu) (tedit 5ADE11EB) (tstamp 5D1BFE44)
    (at 107.025 37.875 90)
    (descr "LED, diameter 3.0mm, 2 pins")
    (tags "LED diameter 3.0mm 2 pins")
    (path /5D1E4708)
    (fp_text reference D6 (at 1.27 -2.96 90) (layer F.SilkS)
      (effects (font (size 1 1) (thickness 0.15)))
    )
    (fp_text value LED (at 1.27 2.96 90) (layer F.Fab)
      (effects (font (size 1 1) (thickness 0.15)))
    )
    (fp_arc (start 1.27 0) (end -0.23 -1.16619) (angle 284.3) (layer F.Fab) (width 0.1))
    (fp_arc (start 1.27 0) (end -0.29 -1.235516) (angle 108.8) (layer F.SilkS) (width 0.12))
    (fp_arc (start 1.27 0) (end -0.29 1.235516) (angle -108.8) (layer F.SilkS) (width 0.12))
    (fp_arc (start 1.27 0) (end 0.229039 -1.08) (angle 87.9) (layer F.SilkS) (width 0.12))
    (fp_arc (start 1.27 0) (end 0.229039 1.08) (angle -87.9) (layer F.SilkS) (width 0.12))
    (fp_circle (center 1.27 0) (end 2.77 0) (layer F.Fab) (width 0.1))
    (fp_line (start -0.23 -1.16619) (end -0.23 1.16619) (layer F.Fab) (width 0.1))
    (fp_line (start -0.29 -1.236) (end -0.29 -1.08) (layer F.SilkS) (width 0.12))
    (fp_line (start -0.29 1.08) (end -0.29 1.236) (layer F.SilkS) (width 0.12))
    (fp_line (start -1.15 -2.25) (end -1.15 2.25) (layer F.CrtYd) (width 0.05))
    (fp_line (start -1.15 2.25) (end 3.7 2.25) (layer F.CrtYd) (width 0.05))
    (fp_line (start 3.7 2.25) (end 3.7 -2.25) (layer F.CrtYd) (width 0.05))
    (fp_line (start 3.7 -2.25) (end -1.15 -2.25) (layer F.CrtYd) (width 0.05))
    (pad 1 thru_hole circle (at 0 0 90) (size 2.1 2.1) (drill 0.8) (layers *.Cu *.Mask)
      (net 2 GND))
    (pad 2 thru_hole circle (at 2.54 0 90) (size 2.1 2.1) (drill 0.8) (layers *.Cu *.Mask)
      (net 4 /LED1))
    (model _3D/Used/led_3mm_red.wrl
      (offset (xyz 1.269999980926514 0 0))
      (scale (xyz 1 1 1))
      (rotate (xyz 0 0 90))
    )
  )

  (module modFiles:LED_D3.0mm (layer F.Cu) (tedit 5ADE11EB) (tstamp 5D1BFE57)
    (at 107.225 78.7 270)
    (descr "LED, diameter 3.0mm, 2 pins")
    (tags "LED diameter 3.0mm 2 pins")
    (path /5D1E4712)
    (fp_text reference D7 (at 1.27 -2.96 270) (layer F.SilkS)
      (effects (font (size 1 1) (thickness 0.15)))
    )
    (fp_text value LED (at 1.27 2.96 270) (layer F.Fab)
      (effects (font (size 1 1) (thickness 0.15)))
    )
    (fp_line (start 3.7 -2.25) (end -1.15 -2.25) (layer F.CrtYd) (width 0.05))
    (fp_line (start 3.7 2.25) (end 3.7 -2.25) (layer F.CrtYd) (width 0.05))
    (fp_line (start -1.15 2.25) (end 3.7 2.25) (layer F.CrtYd) (width 0.05))
    (fp_line (start -1.15 -2.25) (end -1.15 2.25) (layer F.CrtYd) (width 0.05))
    (fp_line (start -0.29 1.08) (end -0.29 1.236) (layer F.SilkS) (width 0.12))
    (fp_line (start -0.29 -1.236) (end -0.29 -1.08) (layer F.SilkS) (width 0.12))
    (fp_line (start -0.23 -1.16619) (end -0.23 1.16619) (layer F.Fab) (width 0.1))
    (fp_circle (center 1.27 0) (end 2.77 0) (layer F.Fab) (width 0.1))
    (fp_arc (start 1.27 0) (end 0.229039 1.08) (angle -87.9) (layer F.SilkS) (width 0.12))
    (fp_arc (start 1.27 0) (end 0.229039 -1.08) (angle 87.9) (layer F.SilkS) (width 0.12))
    (fp_arc (start 1.27 0) (end -0.29 1.235516) (angle -108.8) (layer F.SilkS) (width 0.12))
    (fp_arc (start 1.27 0) (end -0.29 -1.235516) (angle 108.8) (layer F.SilkS) (width 0.12))
    (fp_arc (start 1.27 0) (end -0.23 -1.16619) (angle 284.3) (layer F.Fab) (width 0.1))
    (pad 2 thru_hole circle (at 2.54 0 270) (size 2.1 2.1) (drill 0.8) (layers *.Cu *.Mask)
      (net 5 /LED2))
    (pad 1 thru_hole circle (at 0 0 270) (size 2.1 2.1) (drill 0.8) (layers *.Cu *.Mask)
      (net 2 GND))
    (model _3D/Used/led_3mm_red.wrl
      (offset (xyz 1.269999980926514 0 0))
      (scale (xyz 1 1 1))
      (rotate (xyz 0 0 90))
    )
  )

  (module modFiles:LED_D3.0mm (layer F.Cu) (tedit 5ADE11EB) (tstamp 5D1BFE6A)
    (at 107.025 64.275 270)
    (descr "LED, diameter 3.0mm, 2 pins")
    (tags "LED diameter 3.0mm 2 pins")
    (path /5D1E471C)
    (fp_text reference D8 (at 1.27 -2.96 270) (layer F.SilkS)
      (effects (font (size 1 1) (thickness 0.15)))
    )
    (fp_text value LED (at 1.27 2.96 270) (layer F.Fab)
      (effects (font (size 1 1) (thickness 0.15)))
    )
    (fp_arc (start 1.27 0) (end -0.23 -1.16619) (angle 284.3) (layer F.Fab) (width 0.1))
    (fp_arc (start 1.27 0) (end -0.29 -1.235516) (angle 108.8) (layer F.SilkS) (width 0.12))
    (fp_arc (start 1.27 0) (end -0.29 1.235516) (angle -108.8) (layer F.SilkS) (width 0.12))
    (fp_arc (start 1.27 0) (end 0.229039 -1.08) (angle 87.9) (layer F.SilkS) (width 0.12))
    (fp_arc (start 1.27 0) (end 0.229039 1.08) (angle -87.9) (layer F.SilkS) (width 0.12))
    (fp_circle (center 1.27 0) (end 2.77 0) (layer F.Fab) (width 0.1))
    (fp_line (start -0.23 -1.16619) (end -0.23 1.16619) (layer F.Fab) (width 0.1))
    (fp_line (start -0.29 -1.236) (end -0.29 -1.08) (layer F.SilkS) (width 0.12))
    (fp_line (start -0.29 1.08) (end -0.29 1.236) (layer F.SilkS) (width 0.12))
    (fp_line (start -1.15 -2.25) (end -1.15 2.25) (layer F.CrtYd) (width 0.05))
    (fp_line (start -1.15 2.25) (end 3.7 2.25) (layer F.CrtYd) (width 0.05))
    (fp_line (start 3.7 2.25) (end 3.7 -2.25) (layer F.CrtYd) (width 0.05))
    (fp_line (start 3.7 -2.25) (end -1.15 -2.25) (layer F.CrtYd) (width 0.05))
    (pad 1 thru_hole circle (at 0 0 270) (size 2.1 2.1) (drill 0.8) (layers *.Cu *.Mask)
      (net 2 GND))
    (pad 2 thru_hole circle (at 2.54 0 270) (size 2.1 2.1) (drill 0.8) (layers *.Cu *.Mask)
      (net 6 /LED3))
    (model _3D/Used/led_3mm_red.wrl
      (offset (xyz 1.269999980926514 0 0))
      (scale (xyz 1 1 1))
      (rotate (xyz 0 0 90))
    )
  )

  (module modFiles:LED_D3.0mm (layer F.Cu) (tedit 5ADE11EB) (tstamp 5D1BFE7D)
    (at 107.025 49.575 270)
    (descr "LED, diameter 3.0mm, 2 pins")
    (tags "LED diameter 3.0mm 2 pins")
    (path /5D1E4726)
    (fp_text reference D9 (at 1.27 -2.96 270) (layer F.SilkS)
      (effects (font (size 1 1) (thickness 0.15)))
    )
    (fp_text value LED (at 1.27 2.96 270) (layer F.Fab)
      (effects (font (size 1 1) (thickness 0.15)))
    )
    (fp_arc (start 1.27 0) (end -0.23 -1.16619) (angle 284.3) (layer F.Fab) (width 0.1))
    (fp_arc (start 1.27 0) (end -0.29 -1.235516) (angle 108.8) (layer F.SilkS) (width 0.12))
    (fp_arc (start 1.27 0) (end -0.29 1.235516) (angle -108.8) (layer F.SilkS) (width 0.12))
    (fp_arc (start 1.27 0) (end 0.229039 -1.08) (angle 87.9) (layer F.SilkS) (width 0.12))
    (fp_arc (start 1.27 0) (end 0.229039 1.08) (angle -87.9) (layer F.SilkS) (width 0.12))
    (fp_circle (center 1.27 0) (end 2.77 0) (layer F.Fab) (width 0.1))
    (fp_line (start -0.23 -1.16619) (end -0.23 1.16619) (layer F.Fab) (width 0.1))
    (fp_line (start -0.29 -1.236) (end -0.29 -1.08) (layer F.SilkS) (width 0.12))
    (fp_line (start -0.29 1.08) (end -0.29 1.236) (layer F.SilkS) (width 0.12))
    (fp_line (start -1.15 -2.25) (end -1.15 2.25) (layer F.CrtYd) (width 0.05))
    (fp_line (start -1.15 2.25) (end 3.7 2.25) (layer F.CrtYd) (width 0.05))
    (fp_line (start 3.7 2.25) (end 3.7 -2.25) (layer F.CrtYd) (width 0.05))
    (fp_line (start 3.7 -2.25) (end -1.15 -2.25) (layer F.CrtYd) (width 0.05))
    (pad 1 thru_hole circle (at 0 0 270) (size 2.1 2.1) (drill 0.8) (layers *.Cu *.Mask)
      (net 2 GND))
    (pad 2 thru_hole circle (at 2.54 0 270) (size 2.1 2.1) (drill 0.8) (layers *.Cu *.Mask)
      (net 7 /LED4))
    (model _3D/Used/led_3mm_red.wrl
      (offset (xyz 1.269999980926514 0 0))
      (scale (xyz 1 1 1))
      (rotate (xyz 0 0 90))
    )
  )

  (module modFiles:Resistor_small (layer F.Cu) (tedit 5ADE0F5A) (tstamp 5D1BFE93)
    (at 93.35 53.75)
    (descr "Resistor, Axial_DIN0207 series, Axial, Horizontal, pin pitch=7.62mm, 0.25W = 1/4W, length*diameter=6.3*2.5mm^2, http://cdn-reichelt.de/documents/datenblatt/B400/1_4W%23YAG.pdf")
    (tags "Resistor Axial_DIN0207 series Axial Horizontal pin pitch 7.62mm 0.25W = 1/4W length 6.3mm diameter 2.5mm")
    (path /5D2386BD)
    (fp_text reference R1 (at 3.81 -2.31) (layer F.SilkS)
      (effects (font (size 1 1) (thickness 0.15)))
    )
    (fp_text value 330 (at 3.81 2.31) (layer F.Fab)
      (effects (font (size 1 1) (thickness 0.15)))
    )
    (fp_line (start 0.66 -1.25) (end 0.66 1.25) (layer F.Fab) (width 0.1))
    (fp_line (start 0.66 1.25) (end 6.96 1.25) (layer F.Fab) (width 0.1))
    (fp_line (start 6.96 1.25) (end 6.96 -1.25) (layer F.Fab) (width 0.1))
    (fp_line (start 6.96 -1.25) (end 0.66 -1.25) (layer F.Fab) (width 0.1))
    (fp_line (start 0 0) (end 0.66 0) (layer F.Fab) (width 0.1))
    (fp_line (start 7.62 0) (end 6.96 0) (layer F.Fab) (width 0.1))
    (fp_line (start 0.6 -0.98) (end 0.6 -1.31) (layer F.SilkS) (width 0.12))
    (fp_line (start 0.6 -1.31) (end 7.02 -1.31) (layer F.SilkS) (width 0.12))
    (fp_line (start 7.02 -1.31) (end 7.02 -0.98) (layer F.SilkS) (width 0.12))
    (fp_line (start 0.6 0.98) (end 0.6 1.31) (layer F.SilkS) (width 0.12))
    (fp_line (start 0.6 1.31) (end 7.02 1.31) (layer F.SilkS) (width 0.12))
    (fp_line (start 7.02 1.31) (end 7.02 0.98) (layer F.SilkS) (width 0.12))
    (fp_line (start -1.05 -1.6) (end -1.05 1.6) (layer F.CrtYd) (width 0.05))
    (fp_line (start -1.05 1.6) (end 8.7 1.6) (layer F.CrtYd) (width 0.05))
    (fp_line (start 8.7 1.6) (end 8.7 -1.6) (layer F.CrtYd) (width 0.05))
    (fp_line (start 8.7 -1.6) (end -1.05 -1.6) (layer F.CrtYd) (width 0.05))
    (pad 1 thru_hole circle (at 0 0) (size 2.3 2.3) (drill 0.8) (layers *.Cu *.Mask)
      (net 1 "Net-(D1-Pad2)"))
    (pad 2 thru_hole circle (at 7.62 0) (size 2.3 2.3) (drill 0.8) (layers *.Cu *.Mask)
      (net 8 /VCC))
    (model _3D/Used/R_Axial_DIN0207_L6.3mm_D2.5mm_P7.62mm_Horizontal.wrl
      (at (xyz 0 0 0))
      (scale (xyz 0.393701 0.393701 0.393701))
      (rotate (xyz 0 0 0))
    )
  )

  (module modFiles:Resistor_small (layer F.Cu) (tedit 5ADE0F5A) (tstamp 5D1BFEA9)
    (at 86.95 58.1 270)
    (descr "Resistor, Axial_DIN0207 series, Axial, Horizontal, pin pitch=7.62mm, 0.25W = 1/4W, length*diameter=6.3*2.5mm^2, http://cdn-reichelt.de/documents/datenblatt/B400/1_4W%23YAG.pdf")
    (tags "Resistor Axial_DIN0207 series Axial Horizontal pin pitch 7.62mm 0.25W = 1/4W length 6.3mm diameter 2.5mm")
    (path /5D1FC785)
    (fp_text reference R2 (at 3.81 -2.31 270) (layer F.SilkS)
      (effects (font (size 1 1) (thickness 0.15)))
    )
    (fp_text value R (at 3.81 2.31 270) (layer F.Fab)
      (effects (font (size 1 1) (thickness 0.15)))
    )
    (fp_line (start 0.66 -1.25) (end 0.66 1.25) (layer F.Fab) (width 0.1))
    (fp_line (start 0.66 1.25) (end 6.96 1.25) (layer F.Fab) (width 0.1))
    (fp_line (start 6.96 1.25) (end 6.96 -1.25) (layer F.Fab) (width 0.1))
    (fp_line (start 6.96 -1.25) (end 0.66 -1.25) (layer F.Fab) (width 0.1))
    (fp_line (start 0 0) (end 0.66 0) (layer F.Fab) (width 0.1))
    (fp_line (start 7.62 0) (end 6.96 0) (layer F.Fab) (width 0.1))
    (fp_line (start 0.6 -0.98) (end 0.6 -1.31) (layer F.SilkS) (width 0.12))
    (fp_line (start 0.6 -1.31) (end 7.02 -1.31) (layer F.SilkS) (width 0.12))
    (fp_line (start 7.02 -1.31) (end 7.02 -0.98) (layer F.SilkS) (width 0.12))
    (fp_line (start 0.6 0.98) (end 0.6 1.31) (layer F.SilkS) (width 0.12))
    (fp_line (start 0.6 1.31) (end 7.02 1.31) (layer F.SilkS) (width 0.12))
    (fp_line (start 7.02 1.31) (end 7.02 0.98) (layer F.SilkS) (width 0.12))
    (fp_line (start -1.05 -1.6) (end -1.05 1.6) (layer F.CrtYd) (width 0.05))
    (fp_line (start -1.05 1.6) (end 8.7 1.6) (layer F.CrtYd) (width 0.05))
    (fp_line (start 8.7 1.6) (end 8.7 -1.6) (layer F.CrtYd) (width 0.05))
    (fp_line (start 8.7 -1.6) (end -1.05 -1.6) (layer F.CrtYd) (width 0.05))
    (pad 1 thru_hole circle (at 0 0 270) (size 2.3 2.3) (drill 0.8) (layers *.Cu *.Mask)
      (net 4 /LED1))
    (pad 2 thru_hole circle (at 7.62 0 270) (size 2.3 2.3) (drill 0.8) (layers *.Cu *.Mask)
      (net 8 /VCC))
    (model _3D/Used/R_Axial_DIN0207_L6.3mm_D2.5mm_P7.62mm_Horizontal.wrl
      (at (xyz 0 0 0))
      (scale (xyz 0.393701 0.393701 0.393701))
      (rotate (xyz 0 0 0))
    )
  )

  (module modFiles:Resistor_small (layer F.Cu) (tedit 5ADE0F5A) (tstamp 5D1BFEBF)
    (at 90 75.975)
    (descr "Resistor, Axial_DIN0207 series, Axial, Horizontal, pin pitch=7.62mm, 0.25W = 1/4W, length*diameter=6.3*2.5mm^2, http://cdn-reichelt.de/documents/datenblatt/B400/1_4W%23YAG.pdf")
    (tags "Resistor Axial_DIN0207 series Axial Horizontal pin pitch 7.62mm 0.25W = 1/4W length 6.3mm diameter 2.5mm")
    (path /5D1FBE2A)
    (fp_text reference R3 (at 3.81 -2.31) (layer F.SilkS)
      (effects (font (size 1 1) (thickness 0.15)))
    )
    (fp_text value R (at 3.81 2.31) (layer F.Fab)
      (effects (font (size 1 1) (thickness 0.15)))
    )
    (fp_line (start 8.7 -1.6) (end -1.05 -1.6) (layer F.CrtYd) (width 0.05))
    (fp_line (start 8.7 1.6) (end 8.7 -1.6) (layer F.CrtYd) (width 0.05))
    (fp_line (start -1.05 1.6) (end 8.7 1.6) (layer F.CrtYd) (width 0.05))
    (fp_line (start -1.05 -1.6) (end -1.05 1.6) (layer F.CrtYd) (width 0.05))
    (fp_line (start 7.02 1.31) (end 7.02 0.98) (layer F.SilkS) (width 0.12))
    (fp_line (start 0.6 1.31) (end 7.02 1.31) (layer F.SilkS) (width 0.12))
    (fp_line (start 0.6 0.98) (end 0.6 1.31) (layer F.SilkS) (width 0.12))
    (fp_line (start 7.02 -1.31) (end 7.02 -0.98) (layer F.SilkS) (width 0.12))
    (fp_line (start 0.6 -1.31) (end 7.02 -1.31) (layer F.SilkS) (width 0.12))
    (fp_line (start 0.6 -0.98) (end 0.6 -1.31) (layer F.SilkS) (width 0.12))
    (fp_line (start 7.62 0) (end 6.96 0) (layer F.Fab) (width 0.1))
    (fp_line (start 0 0) (end 0.66 0) (layer F.Fab) (width 0.1))
    (fp_line (start 6.96 -1.25) (end 0.66 -1.25) (layer F.Fab) (width 0.1))
    (fp_line (start 6.96 1.25) (end 6.96 -1.25) (layer F.Fab) (width 0.1))
    (fp_line (start 0.66 1.25) (end 6.96 1.25) (layer F.Fab) (width 0.1))
    (fp_line (start 0.66 -1.25) (end 0.66 1.25) (layer F.Fab) (width 0.1))
    (pad 2 thru_hole circle (at 7.62 0) (size 2.3 2.3) (drill 0.8) (layers *.Cu *.Mask)
      (net 8 /VCC))
    (pad 1 thru_hole circle (at 0 0) (size 2.3 2.3) (drill 0.8) (layers *.Cu *.Mask)
      (net 5 /LED2))
    (model _3D/Used/R_Axial_DIN0207_L6.3mm_D2.5mm_P7.62mm_Horizontal.wrl
      (at (xyz 0 0 0))
      (scale (xyz 0.393701 0.393701 0.393701))
      (rotate (xyz 0 0 0))
    )
  )

  (module modFiles:Resistor_small (layer F.Cu) (tedit 5ADE0F5A) (tstamp 5D1BFED5)
    (at 100.7 68.825 270)
    (descr "Resistor, Axial_DIN0207 series, Axial, Horizontal, pin pitch=7.62mm, 0.25W = 1/4W, length*diameter=6.3*2.5mm^2, http://cdn-reichelt.de/documents/datenblatt/B400/1_4W%23YAG.pdf")
    (tags "Resistor Axial_DIN0207 series Axial Horizontal pin pitch 7.62mm 0.25W = 1/4W length 6.3mm diameter 2.5mm")
    (path /5D1FB98C)
    (fp_text reference R4 (at 3.81 -2.31 270) (layer F.SilkS)
      (effects (font (size 1 1) (thickness 0.15)))
    )
    (fp_text value R (at 3.81 2.31 270) (layer F.Fab)
      (effects (font (size 1 1) (thickness 0.15)))
    )
    (fp_line (start 0.66 -1.25) (end 0.66 1.25) (layer F.Fab) (width 0.1))
    (fp_line (start 0.66 1.25) (end 6.96 1.25) (layer F.Fab) (width 0.1))
    (fp_line (start 6.96 1.25) (end 6.96 -1.25) (layer F.Fab) (width 0.1))
    (fp_line (start 6.96 -1.25) (end 0.66 -1.25) (layer F.Fab) (width 0.1))
    (fp_line (start 0 0) (end 0.66 0) (layer F.Fab) (width 0.1))
    (fp_line (start 7.62 0) (end 6.96 0) (layer F.Fab) (width 0.1))
    (fp_line (start 0.6 -0.98) (end 0.6 -1.31) (layer F.SilkS) (width 0.12))
    (fp_line (start 0.6 -1.31) (end 7.02 -1.31) (layer F.SilkS) (width 0.12))
    (fp_line (start 7.02 -1.31) (end 7.02 -0.98) (layer F.SilkS) (width 0.12))
    (fp_line (start 0.6 0.98) (end 0.6 1.31) (layer F.SilkS) (width 0.12))
    (fp_line (start 0.6 1.31) (end 7.02 1.31) (layer F.SilkS) (width 0.12))
    (fp_line (start 7.02 1.31) (end 7.02 0.98) (layer F.SilkS) (width 0.12))
    (fp_line (start -1.05 -1.6) (end -1.05 1.6) (layer F.CrtYd) (width 0.05))
    (fp_line (start -1.05 1.6) (end 8.7 1.6) (layer F.CrtYd) (width 0.05))
    (fp_line (start 8.7 1.6) (end 8.7 -1.6) (layer F.CrtYd) (width 0.05))
    (fp_line (start 8.7 -1.6) (end -1.05 -1.6) (layer F.CrtYd) (width 0.05))
    (pad 1 thru_hole circle (at 0 0 270) (size 2.3 2.3) (drill 0.8) (layers *.Cu *.Mask)
      (net 6 /LED3))
    (pad 2 thru_hole circle (at 7.62 0 270) (size 2.3 2.3) (drill 0.8) (layers *.Cu *.Mask)
      (net 8 /VCC))
    (model _3D/Used/R_Axial_DIN0207_L6.3mm_D2.5mm_P7.62mm_Horizontal.wrl
      (at (xyz 0 0 0))
      (scale (xyz 0.393701 0.393701 0.393701))
      (rotate (xyz 0 0 0))
    )
  )

  (module modFiles:Resistor_small (layer F.Cu) (tedit 5ADE0F5A) (tstamp 5D1BFEEB)
    (at 100.625 64.35 90)
    (descr "Resistor, Axial_DIN0207 series, Axial, Horizontal, pin pitch=7.62mm, 0.25W = 1/4W, length*diameter=6.3*2.5mm^2, http://cdn-reichelt.de/documents/datenblatt/B400/1_4W%23YAG.pdf")
    (tags "Resistor Axial_DIN0207 series Axial Horizontal pin pitch 7.62mm 0.25W = 1/4W length 6.3mm diameter 2.5mm")
    (path /5D1FA9BE)
    (fp_text reference R5 (at 3.81 -2.31 90) (layer F.SilkS)
      (effects (font (size 1 1) (thickness 0.15)))
    )
    (fp_text value R (at 3.81 2.31 90) (layer F.Fab)
      (effects (font (size 1 1) (thickness 0.15)))
    )
    (fp_line (start 8.7 -1.6) (end -1.05 -1.6) (layer F.CrtYd) (width 0.05))
    (fp_line (start 8.7 1.6) (end 8.7 -1.6) (layer F.CrtYd) (width 0.05))
    (fp_line (start -1.05 1.6) (end 8.7 1.6) (layer F.CrtYd) (width 0.05))
    (fp_line (start -1.05 -1.6) (end -1.05 1.6) (layer F.CrtYd) (width 0.05))
    (fp_line (start 7.02 1.31) (end 7.02 0.98) (layer F.SilkS) (width 0.12))
    (fp_line (start 0.6 1.31) (end 7.02 1.31) (layer F.SilkS) (width 0.12))
    (fp_line (start 0.6 0.98) (end 0.6 1.31) (layer F.SilkS) (width 0.12))
    (fp_line (start 7.02 -1.31) (end 7.02 -0.98) (layer F.SilkS) (width 0.12))
    (fp_line (start 0.6 -1.31) (end 7.02 -1.31) (layer F.SilkS) (width 0.12))
    (fp_line (start 0.6 -0.98) (end 0.6 -1.31) (layer F.SilkS) (width 0.12))
    (fp_line (start 7.62 0) (end 6.96 0) (layer F.Fab) (width 0.1))
    (fp_line (start 0 0) (end 0.66 0) (layer F.Fab) (width 0.1))
    (fp_line (start 6.96 -1.25) (end 0.66 -1.25) (layer F.Fab) (width 0.1))
    (fp_line (start 6.96 1.25) (end 6.96 -1.25) (layer F.Fab) (width 0.1))
    (fp_line (start 0.66 1.25) (end 6.96 1.25) (layer F.Fab) (width 0.1))
    (fp_line (start 0.66 -1.25) (end 0.66 1.25) (layer F.Fab) (width 0.1))
    (pad 2 thru_hole circle (at 7.62 0 90) (size 2.3 2.3) (drill 0.8) (layers *.Cu *.Mask)
      (net 8 /VCC))
    (pad 1 thru_hole circle (at 0 0 90) (size 2.3 2.3) (drill 0.8) (layers *.Cu *.Mask)
      (net 7 /LED4))
    (model _3D/Used/R_Axial_DIN0207_L6.3mm_D2.5mm_P7.62mm_Horizontal.wrl
      (at (xyz 0 0 0))
      (scale (xyz 0.393701 0.393701 0.393701))
      (rotate (xyz 0 0 0))
    )
  )

  (module modFiles:Resistor_small (layer F.Cu) (tedit 5ADE0F5A) (tstamp 5D1BFF01)
    (at 99.675 43 270)
    (descr "Resistor, Axial_DIN0207 series, Axial, Horizontal, pin pitch=7.62mm, 0.25W = 1/4W, length*diameter=6.3*2.5mm^2, http://cdn-reichelt.de/documents/datenblatt/B400/1_4W%23YAG.pdf")
    (tags "Resistor Axial_DIN0207 series Axial Horizontal pin pitch 7.62mm 0.25W = 1/4W length 6.3mm diameter 2.5mm")
    (path /5D1FEDDA)
    (fp_text reference R6 (at 3.81 -2.31 270) (layer F.SilkS)
      (effects (font (size 1 1) (thickness 0.15)))
    )
    (fp_text value R_RX (at 3.81 2.31 270) (layer F.Fab)
      (effects (font (size 1 1) (thickness 0.15)))
    )
    (fp_line (start 8.7 -1.6) (end -1.05 -1.6) (layer F.CrtYd) (width 0.05))
    (fp_line (start 8.7 1.6) (end 8.7 -1.6) (layer F.CrtYd) (width 0.05))
    (fp_line (start -1.05 1.6) (end 8.7 1.6) (layer F.CrtYd) (width 0.05))
    (fp_line (start -1.05 -1.6) (end -1.05 1.6) (layer F.CrtYd) (width 0.05))
    (fp_line (start 7.02 1.31) (end 7.02 0.98) (layer F.SilkS) (width 0.12))
    (fp_line (start 0.6 1.31) (end 7.02 1.31) (layer F.SilkS) (width 0.12))
    (fp_line (start 0.6 0.98) (end 0.6 1.31) (layer F.SilkS) (width 0.12))
